name: nwm_zarr
channels:
  - conda-forge
dependencies:
  - aiobotocore=2.13.1=pyhd8ed1ab_0
  - aiohttp=3.9.5=py312he70551f_0
  - aioitertools=0.11.0=pyhd8ed1ab_0
  - aiosignal=1.3.1=pyhd8ed1ab_0
  - asciitree=0.3.3=py_2
  - attrs=23.2.0=pyh71513ae_0
  - botocore=1.34.131=pyge310_1234567_0
  - brotli-python=1.1.0=py312h53d5487_1
  - bzip2=1.0.8=h2466b09_7
  - ca-certificates=2024.7.4=h56e8100_0
  - cffi=1.16.0=py312he70551f_0
  - fasteners=0.17.3=pyhd8ed1ab_0
  - frozenlist=1.4.1=py312he70551f_0
  - fsspec=2024.6.1=pyhff2d567_0
  - h2=4.1.0=pyhd8ed1ab_0
  - hpack=4.0.0=pyh9f0ad1d_0
  - hyperframe=6.0.1=pyhd8ed1ab_0
  - idna=3.7=pyhd8ed1ab_0
  - intel-openmp=2024.2.0=h57928b3_980
  - jmespath=1.0.1=pyhd8ed1ab_0
  - libblas=3.9.0=22_win64_mkl
  - libcblas=3.9.0=22_win64_mkl
  - libexpat=2.6.2=h63175ca_0
  - libffi=3.4.2=h8ffe710_5
  - libhwloc=2.11.1=default_h8125262_1000
  - libiconv=1.17=hcfcfb64_2
  - liblapack=3.9.0=22_win64_mkl
  - libsqlite=3.46.0=h2466b09_0
  - libxml2=2.12.7=h0f24e4e_4
  - libzlib=1.3.1=h2466b09_1
  - mkl=2024.1.0=h66d3029_692
  - msgpack-python=1.0.8=py312hd5eb7cc_0
  - multidict=6.0.5=py312he70551f_0
  - numcodecs=0.12.1=py312h275cf98_1
  - numpy=2.0.0=py312h49bc9c5_0
  - openssl=3.3.1=h2466b09_2
  - packaging=24.1=pyhd8ed1ab_0
  - pandas=2.2.2=py312h72972c8_1
  - pip=24.0=pyhd8ed1ab_0
  - pthreads-win32=2.9.1=hfa6e2cd_3
  - pycparser=2.22=pyhd8ed1ab_0
  - pysocks=1.7.1=pyh0701188_6
  - python=3.12.4=h889d299_0_cpython
  - python-dateutil=2.9.0=pyhd8ed1ab_0
  - python-tzdata=2024.1=pyhd8ed1ab_0
  - python_abi=3.12=4_cp312
  - pytz=2024.1=pyhd8ed1ab_0
  - s3fs=2024.6.1=pyhd8ed1ab_0
  - setuptools=71.0.1=pyhd8ed1ab_0
  - six=1.16.0=pyh6c4a22f_0
  - tbb=2021.12.0=hc790b64_3
  - tk=8.6.13=h5226925_1
  - typing_extensions=4.12.2=pyha770c72_0
  - tzdata=2024a=h0c530f3_0
  - ucrt=10.0.22621.0=h57928b3_0
  - urllib3=2.2.2=pyhd8ed1ab_1
  - vc=14.3=h8a93ad2_20
  - vc14_runtime=14.40.33810=ha82c5b3_20
  - vs2015_runtime=14.40.33810=h3bf8584_20
  - wheel=0.43.0=pyhd8ed1ab_1
  - win_inet_pton=1.1.0=pyhd8ed1ab_6
  - wrapt=1.16.0=py312he70551f_0
  - xarray=2024.6.0=pyhd8ed1ab_1
  - xz=5.2.6=h8d14728_0
  - yarl=1.9.4=py312he70551f_0
  - zarr=2.18.2=pyhd8ed1ab_0
  - zstandard=0.23.0=py312h7606c53_0
  - zstd=1.5.6=h0ea2cb4_0
prefix: C:\Users\KWOLFE\AppData\Local\miniforge3\envs\nwm_zarr
